8.53809
8.52186
8.59903
8.56406
8.59298
8.58686
8.58125
8.57637
8.57255
8.56893
8.56599
8.56335
8.56124
8.55944
8.55796
8.55689
8.55611
8.55563
8.55544
8.55551
8.55585
8.55642
8.55722
8.55824
8.55945
8.56084
8.56238
 8.5235
8.52534
8.52737
8.52962
8.53204
8.53463
8.53745
8.54039
8.54354
8.54689
8.55031
8.55407
8.55787
8.56193
8.56616
 8.5707
8.57542
 8.5808
8.58659
8.59279
 8.5659
8.56781
8.56974
8.57174
 8.5737
8.57552
8.57726
8.57873
8.57985
 8.5806
8.58079
8.58036
8.57925
8.57747
8.57508
8.57213
8.56895
8.56549
8.56199
8.55862
8.55527
8.55221
 8.5494
 8.5468
8.54456
8.54265
8.54104
8.53978
8.53888
8.53833
8.53484
8.53188
8.52917
8.52677
8.52452
8.52265
8.52095
8.51958
8.51842
8.51754
 8.5169
 8.5165
8.51635
8.51644
8.51677
8.51733
8.51813
8.51915
8.52039
8.53397
8.52947
8.54387
8.52989
8.56247
8.56421
8.56054
8.56602
8.55886
8.56775
8.55736
8.56934
8.55578
8.57082
8.55447
8.57208
8.55333
8.57289
8.55232
8.57334
8.55156
8.57341
8.55103
8.57273
8.55072
8.57152
8.55067
8.56976
8.55091
8.56764
8.55142
8.56497
8.55222
8.56197
8.55329
8.55887
8.55481
 8.5558
8.55666
8.55271
8.55903
8.54982
8.56155
8.54705
8.56426
8.54455
8.56849
 8.5423
8.57248
 8.5403
8.53856
8.53733
8.53618
8.53538
8.53055
 8.5281
8.52579
8.52375
 8.5598
8.52197
8.55571
8.52045
8.55227
8.51919
8.54875
8.51818
 8.5455
8.51743
8.54221
8.51692
8.53916
8.51665
8.53629
8.51663
8.53359
8.51685
8.53107
 8.5173
8.52874
8.51798
8.52661
8.51889
8.52467
8.52003
8.52293
8.52139
8.53288
8.55744
8.55579
8.55915
8.55405
8.56081
8.55267
8.56237
8.55121
8.56382
8.54986
8.56508
8.54884
8.56623
8.54782
8.56673
8.54705
 8.5669
8.54657
8.56777
8.54627
8.56559
8.54624
8.56558
8.54649
8.56278
8.54699
8.56193
8.54775
8.55871
8.54893
8.55612
8.55045
8.55333
8.55251
8.55047
8.55473
8.54773
  8.558
 8.5451
8.54259
8.54033
8.53834
8.53656
8.53495
8.53442
8.53277
8.52983
8.52736
8.52532
8.52341
8.52177
8.52039
8.55117
8.51926
8.54815
8.51838
8.54451
8.51776
8.54129
8.51738
8.53844
8.51724
8.53567
8.51735
8.53309
8.51769
8.53058
8.51827
8.52834
8.51907
 8.5263
8.52011
8.52446
8.52136
8.52283
 8.5512
8.55276
8.54964
8.55437
8.54817
8.55593
8.54693
 8.5573
8.54561
8.55848
 8.5446
8.55967
8.54369
8.56137
8.54289
 8.5605
8.54235
8.56077
8.54218
8.54192
8.55913
8.54227
8.54289
8.55637
8.54362
8.54475
8.55299
 8.5466
8.55141
8.54822
8.54572
8.54321
8.54075
8.53853
8.53653
8.53486
8.53313
8.53168
8.52723
8.52528
8.52351
8.52201
8.52077
8.51978
8.51904
8.51855
8.54111
 8.5183
8.53833
 8.5183
8.53576
8.51854
8.53314
8.51901
8.53071
8.51972
8.52842
8.52065
8.52646
8.52181
8.52475
8.52321
8.52906
8.54352
  8.547
8.54549
8.54841
8.54407
8.54986
8.54275
8.55129
8.54159
8.55254
8.54063
8.55343
8.53981
8.55473
8.53905
8.53838
8.55456
8.53824
8.55358
8.53835
8.53785
8.55219
8.53954
 8.5394
8.54967
8.54125
8.54707
8.54353
8.54185
8.53909
8.53674
8.53479
8.53309
8.53204
8.52994
8.52752
8.52569
8.52407
8.52271
8.52161
8.52076
8.52016
8.51981
8.51971
8.51984
8.53632
8.52021
8.53388
8.52082
8.53114
8.52166
8.52905
8.52272
8.52727
8.52402
8.52558
8.54295
8.54165
8.54028
8.54418
8.53893
8.54557
8.53779
8.54766
8.53692
8.54769
 8.5362
 8.5485
8.53553
8.54893
8.53503
8.53414
 8.5486
8.53519
8.54874
8.53449
8.54618
8.54424
8.54139
8.53846
8.53528
8.53303
 8.5312
8.52659
8.52515
8.52387
8.52291
8.52221
8.52176
8.52155
8.52159
8.52192
8.52242
8.52313
8.53206
8.52409
8.53041
8.52535
8.52871
8.52668
8.52819
  8.539
8.53807
 8.5369
8.53545
8.54033
8.53412
8.54234
8.53341
 8.5327
8.54283
8.53224
8.54437
8.53188
8.54354
8.54114
8.53673
8.53398
8.53155
8.52961
8.52809
8.52671
 8.5256
 8.5247
8.52414
8.52384
8.52378
8.52406
8.52458
 8.5251
8.52594
8.52699
8.52871
8.53976
8.53188
8.53431
8.53528
8.53433
8.53248
8.53111
8.53676
8.52965
8.53795
8.53009
8.53917
8.53266
8.53006
8.52878
8.52777
8.52716
8.52674
8.52636
 8.5266
8.52719
8.52808
8.52786
8.53847
8.53601
8.53055
8.53249
8.53058
8.53324
8.53486
8.53139
8.53045
8.53045
8.52957
8.52906
8.53438