6.77935
6.49585
7.82981
7.20904
7.72293
7.61496
7.51649
7.43113
7.36467
7.30195
7.25125
7.20594
7.16966
7.13889
7.11344
7.09504
7.08153
7.07284
7.06916
7.06987
7.07492
7.08394
 7.0967
 7.1131
7.13292
7.15575
7.18124
6.52329
 6.5541
6.58818
6.62604
6.66681
6.71069
6.75853
6.80857
6.86223
6.91947
6.97805
7.04283
7.10832
7.17868
 7.2521
7.33136
7.41379
7.50824
7.61018
 7.7196
7.23988
7.27193
7.30461
7.33879
7.37229
7.40357
7.43366
7.45929
7.47882
7.49187
7.49519
7.48768
7.46819
7.43709
7.39534
7.34425
7.28942
7.23028
7.17087
7.11421
7.05829
7.00764
6.96152
6.91915
 6.8828
6.85203
6.82628
6.80616
6.79185
6.78299
6.72283
6.67144
6.62459
6.58331
6.54461
6.51264
6.48343
6.46015
 6.4402
6.42519
6.41417
6.40729
6.40462
6.40597
 6.4113
6.42053
6.43376
6.45067
6.47137
6.69233
6.62135
6.85682
6.63196
7.17787
7.20713
7.14555
7.23767
7.11766
7.26701
7.09287
7.29423
7.06699
7.31947
7.04554
7.34132
 7.0272
7.35518
7.01093
7.36298
6.99887
7.36436
6.99066
7.35248
6.98606
7.33165
6.98585
7.30116
6.99028
7.26482
6.99935
7.21912
7.01327
7.16803
7.03157
7.11565
7.05761
7.06415
7.08927
7.01274
7.12995
6.96502
7.17328
6.91961
7.21965
6.87887
7.29315
6.84246
7.36282
 6.8102
6.78226
6.76275
6.74436
6.73146
6.64819
6.60588
6.56623
 6.5312
7.14214
6.50073
7.07127
6.47475
7.01192
6.45317
6.95144
6.43594
6.89572
6.42298
6.83959
6.41421
6.78766
6.40959
6.73878
6.40902
6.69305
6.41247
6.65051
6.41987
6.61127
6.43116
6.57535
6.44629
6.54279
 6.4652
6.51368
6.48785
6.68856
7.09012
7.06267
7.11856
7.03385
7.14648
7.01131
7.17292
6.98724
7.19747
6.96539
7.21893
6.94902
7.23867
6.93264
7.24718
 6.9205
7.25013
6.91318
7.26555
6.90876
7.22776
6.90881
7.22799
6.91358
7.17971
6.92237
7.16569
6.93561
 7.1109
6.95592
7.06732
6.98179
7.02069
7.01701
6.97321
7.05496
6.92798
 7.1114
6.88489
6.84386
6.80731
6.77527
6.74674
6.72082
6.71309
6.68579
6.63506
6.59253
 6.5574
6.52474
6.49661
6.47294
 6.9934
6.45366
 6.9416
6.43868
6.87908
6.42795
6.82401
6.42139
6.77537
6.41894
6.72832
6.42053
6.68458
6.42611
6.64222
6.43563
 6.6044
6.44901
6.56996
6.46621
6.53904
6.48717
6.51182
6.98331
7.00911
6.95753
7.03592
 6.9335
  7.062
6.91331
7.08495
6.89197
7.10488
6.87588
7.12499
6.86129
7.15426
6.84862
7.13916
6.84029
7.14399
6.83809
6.83422
7.11624
6.84081
6.85156
7.06967
6.86433
 6.8837
7.01286
6.91529
6.98699
6.93367
6.89256
 6.8515
6.81122
 6.7753
6.74311
6.71645
6.68863
6.66572
6.58926
6.55571
6.52547
6.49973
6.47843
6.46149
6.44884
6.44041
6.82102
6.43612
 6.7737
6.43593
6.72986
6.43976
 6.6853
6.44757
6.64426
6.45929
6.60549
6.47486
6.57247
6.49424
 6.5437
6.51771
6.62096
6.86234
6.91114
6.88633
 6.9344
6.86314
6.95838
6.84182
6.98231
6.82307
7.00318
6.80777
7.01813
6.79475
 7.0402
6.78289
6.77221
7.03729
6.77068
7.02088
6.77314
6.76507
6.99778
6.79422
6.79193
6.95571
6.82362
6.91293
6.85445
6.82737
6.78191
6.74388
6.71243
 6.6853
6.66894
6.63455
6.59296
6.56132
6.53355
6.51027
6.49141
6.47688
6.46662
6.46056
6.45864
6.46078
6.73921
6.46695
 6.6976
6.47708
6.65112
6.49112
6.61571
6.50899
6.58568
6.53079
6.55714
6.84229
6.82097
6.79878
6.86245
 6.7767
6.88554
6.75835
6.92048
6.74465
6.92084
6.73339
6.93437
6.72287
6.94155
6.71527
6.70087
6.93625
6.71921
  6.939
6.70772
6.89618
6.86426
6.81751
6.76976
6.71803
6.68172
6.65259
6.57508
6.55026
6.52839
6.51203
6.49999
6.49221
 6.4886
6.48912
6.49455
6.50294
6.51486
6.66632
6.53109
 6.6382
6.55235
 6.6092
6.57491
6.60259
6.77571
6.76061
6.74171
6.71808
6.79763
6.69648
6.83094
6.68541
6.67431
6.83896
6.66718
6.86479
6.66183
6.85107
6.81179
6.73968
 6.6951
6.65591
6.62486
6.59864
 6.5749
6.55587
6.54048
6.53101
 6.5258
6.52472
6.52935
6.53795
6.54696
6.56115
6.57888
 6.6081
 6.7894
6.66241
6.69783
6.71351
 6.6985
6.66824
6.64604
6.73795
 6.6224
6.75751
6.63032
6.77792
6.67204
 6.6301
6.60808
6.59084
6.58024
 6.5731
6.56663
6.57065
6.58057
6.59552
6.59245
 6.7666
6.72675
6.63546
6.66725
6.63646
6.67957
6.70644
6.65027
6.63428
6.63388
 6.6192
6.61092
6.69862
2284.66
2336.62
1945.73
2178.44
1986.56
2025.31
2059.06
2087.33
2109.31
2129.74
2146.06
2161.01
2173.05
2183.42
2192.25
2198.87
2204.09
2207.88
 2210.1
2211.03
2210.66
2209.08
2206.37
2202.58
2197.78
2192.08
 2185.6
2329.92
 2322.4
2314.07
2304.78
2294.71
2283.81
2271.82
2259.15
 2245.4
2230.55
2215.12
2197.76
2179.82
2160.09
2139.09
2115.76
2090.52
2060.72
2026.78
1987.76
2170.44
2162.08
2153.54
 2144.6
2135.85
2127.69
2119.84
2113.15
2108.01
2104.49
2103.39
2104.95
2109.44
2116.79
2126.79
2139.17
2152.59
2167.25
2182.14
2196.51
2210.85
2223.98
2236.03
 2247.2
2256.85
2265.07
2271.98
 2277.4
2281.26
2283.66
2296.39
2306.97
2316.63
2325.11
2333.03
2339.54
2345.45
 2350.1
2354.01
2356.88
2358.87
2359.96
2360.13
2359.41
2357.81
2355.33
2351.95
2347.72
2342.62
2293.92
 2309.6
2254.89
2312.15
   2183
2175.44
2191.27
2167.51
2198.46
2159.92
 2204.8
2152.86
2211.27
2146.33
2216.59
2140.67
   2221
2136.99
2224.73
2134.83
2227.29
2134.28
2228.72
2136.96
2229.07
2141.86
2228.15
2149.15
2225.88
2157.95
2222.24
2169.12
2217.19
2181.71
 2210.7
2194.75
2202.14
2207.72
 2191.9
2220.77
 2179.4
2233.01
2165.67
2244.74
2150.25
2255.34
2128.46
2264.89
2107.36
2273.38
2280.74
2286.02
2290.84
2294.22
2311.59
2320.32
2328.45
2335.61
2171.45
 2341.8
2190.81
2347.03
2206.76
2351.31
2222.77
2354.65
2237.27
2357.08
2251.64
2358.59
2264.83
2359.19
 2277.1
2358.91
2288.48
2357.73
2298.98
2355.67
2308.62
2352.74
2317.39
2348.94
2325.33
2344.26
2332.41
2338.72
2303.28
2202.65
2209.62
 2195.4
2216.91
2188.25
2222.65
2181.48
 2228.6
 2175.2
2233.94
 2169.7
2237.87
2164.67
 2241.6
2162.36
2244.17
2161.46
2245.45
2157.67
2245.82
2166.59
2244.94
2166.55
2242.73
2178.14
2239.36
2181.68
2234.65
2195.03
   2228
2205.83
2219.71
 2217.5
2209.11
2229.43
2197.22
2240.91
2181.53
2251.91
2262.45
2271.92
2280.27
2287.72
 2294.4
2296.91
2303.33
 2313.9
 2322.7
2329.89
2336.56
2342.26
2347.01
2212.93
2350.81
2226.95
2353.68
2242.56
2355.64
2256.45
2356.68
2268.71
2356.83
 2280.4
2356.08
2291.19
2354.45
2301.54
2351.94
2310.75
2348.56
 2319.1
2344.31
2326.59
2339.19
2333.19
2227.36
2220.87
2233.79
2214.13
2239.77
2207.55
2244.77
2201.74
2249.92
2196.67
2253.75
2191.62
2257.07
2184.45
2259.76
2187.83
2261.29
2186.54
2261.25
2261.28
2193.16
2258.85
 2255.2
2204.52
2250.97
2244.73
2218.46
2235.43
2225.07
2238.21
2248.56
2258.96
2269.16
2278.36
2286.66
2293.63
2300.76
2306.75
2322.78
2329.64
2335.82
2341.03
2345.29
2348.61
   2351
2352.48
2258.46
2353.05
2270.24
2352.73
2281.09
2351.52
2291.93
2349.43
2301.84
2346.46
2311.14
2342.62
2319.08
2337.91
2325.99
2332.25
2316.34
2248.02
2243.55
2249.67
2237.77
2255.36
2231.81
2260.54
2225.87
2265.04
2220.66
2268.64
2216.86
2271.59
2211.41
2274.12
2276.18
2211.95
2276.06
2215.84
2274.84
2275.59
2221.47
2268.21
2267.44
 2231.8
2259.12
2242.49
2256.96
2263.98
2275.23
2284.81
2292.84
2299.84
2304.36
2312.61
 2321.2
2327.68
2333.36
2338.07
2341.84
2344.67
2346.58
2347.58
2347.67
2346.88
2280.12
2345.19
2290.14
2342.63
2301.08
2339.19
2309.49
2334.89
2316.66
2329.69
2323.44
2259.13
2264.35
2269.72
2254.17
2274.99
2248.53
2279.34
2240.14
2282.54
2239.85
2285.08
2236.49
2287.31
2234.69
2288.74
2291.42
2235.94
2286.88
2235.37
2288.73
2245.74
2253.64
2265.23
2277.19
2290.05
2299.19
2306.64
2323.83
2328.91
2333.37
2336.64
2338.97
2340.39
2340.89
 2340.5
2339.03
2336.92
2334.01
 2298.4
2330.15
2305.06
2325.17
2311.93
2319.87
 2318.2
2274.32
2278.01
2282.55
 2288.1
2269.03
2293.12
2261.06
2295.68
2298.15
2259.02
2299.62
2252.88
2300.57
2256.13
2265.81
2283.62
2294.68
2304.46
2312.33
2317.73
2322.63
2326.53
2329.65
2331.48
2332.39
 2332.4
2331.15
2329.04
2326.87
2323.54
2319.45
2312.76
2271.48
2300.13
2292.36
2288.62
2292.32
2299.33
2304.44
2282.83
2309.79
2278.19
2307.96
 2273.4
2299.45
2309.81
 2314.4
2317.97
2320.08
2321.47
2322.77
 2321.7
2319.35
2315.89
2316.55
2276.26
 2286.1
2306.72
2299.34
2306.53
2296.48
2290.23
2304.11
2307.49
2307.31
2310.58
2312.43
 2292.2