0.0761251
0.0778621
0.0646681
0.0723492
 0.066026
0.0673162
0.0684427
0.0693894
0.0701283
0.0708171
0.0713689
0.0718755
0.0722845
0.0726362
0.0729352
0.0731586
0.0733332
0.0734576
0.0735274
0.0735515
  0.07353
0.0734662
0.0733629
0.0732218
0.0730456
0.0728387
0.0726051
0.0776295
0.0773687
0.0770801
 0.076759
0.0764118
0.0760365
0.0756247
0.0751904
0.0747205
0.0742142
0.0736894
0.0731004
0.0724934
0.0718273
0.0711203
0.0703374
0.0694916
0.0684965
0.0673648
0.0660658
0.0720647
0.0717694
0.0714696
0.0711575
0.0708536
0.0705716
0.0703018
0.0700727
0.0698977
0.0697779
0.0697405
0.0697931
0.0699452
0.0701945
0.0705349
0.0709579
0.0714194
0.0719265
0.0724456
0.0729501
 0.073457
0.0739241
0.0743559
0.0747581
0.0751075
0.0754065
0.0756589
0.0758573
0.0759992
0.0760873
0.0765171
0.0768715
 0.077197
0.0774841
0.0777534
0.0779754
0.0781774
0.0783369
0.0784716
0.0785702
0.0786388
0.0786761
0.0786818
0.0786563
0.0786002
0.0785137
0.0783956
0.0782483
0.0780706
0.0762957
0.0768958
0.0749141
0.0770008
 0.072467
0.0722002
0.0727601
0.0719215
0.0730175
0.0716564
0.0732457
0.0714108
0.0734794
0.0711848
0.0736736
0.0709899
0.0738364
0.0708633
0.0739757
0.0707895
0.0740741
0.0707714
0.0741332
0.0708628
0.0741539
0.0710308
0.0741299
 0.071281
0.0740585
0.0715843
0.0739393
0.0719707
0.0737704
0.0724078
0.0735514
0.0728639
0.0732613
0.0733204
0.0729131
0.0737821
0.0724892
0.0742184
0.0720233
0.0746389
0.0714992
0.0750206
0.0707662
0.0753666
0.0700578
0.0756756
0.0759437
0.0761384
0.0763144
0.0764379
0.0770241
0.0773191
0.0775951
0.0778389
0.0722124
0.0780503
0.0728663
0.0782293
0.0734065
0.0783763
0.0739502
0.0784914
0.0744436
0.0785748
0.0749338
0.0786268
0.0753848
0.0786475
0.0758057
0.0786371
0.0761968
 0.078596
0.0765584
0.0785241
0.0768908
0.0784219
0.0771943
0.0782893
 0.077469
0.0781266
0.0777149
0.0779337
0.0767451
 0.073129
0.0733776
0.0728721
0.0736385
0.0726202
0.0738468
0.0723826
0.0740623
 0.072163
0.0742575
0.0719717
0.0744041
0.0717983
0.0745432
0.0717183
0.0746423
0.0716874
 0.074696
0.0715603
0.0747176
0.0718644
0.0746948
0.0718669
0.0746255
0.0722652
 0.074515
0.0723922
0.0743577
 0.072855
0.0741329
0.0732342
0.0738517
0.0736457
0.0734912
0.0740681
0.0730862
0.0744778
0.0725556
0.0748721
0.0752515
0.0755943
0.0758986
0.0761702
0.0764137
0.0765118
0.0767384
0.0770961
0.0773946
0.0776384
0.0778658
0.0780607
0.0782233
0.0736176
 0.078354
0.0740939
0.0784529
0.0746244
0.0785201
0.0750982
 0.078556
0.0755177
0.0785608
0.0759182
0.0785347
0.0762888
0.0784779
0.0766449
0.0783905
0.0769625
0.0782728
0.0772513
0.0781249
0.0775105
 0.077947
0.0777392
0.0739803
0.0737483
0.0742115
0.0735088
0.0744281
0.0732762
0.0746111
0.0730713
0.0747996
0.0728932
0.0749431
0.0727174
0.0750676
0.0724709
0.0751709
0.0725857
 0.075233
0.0725425
0.0752403
0.0752488
0.0727737
0.0751715
0.0750512
0.0731717
0.0749101
 0.074699
0.0736613
0.0743832
0.0738987
0.0743619
0.0747312
0.0751044
0.0754712
0.0758044
0.0761066
0.0763619
0.0766222
0.0768423
0.0773881
0.0776211
0.0778317
  0.07801
 0.078156
0.0782701
0.0783525
0.0784035
0.0751667
0.0784232
0.0755691
0.0784119
  0.07594
0.0783698
0.0763117
0.0782971
0.0766521
0.0781941
0.0769727
0.0780609
0.0772465
0.0778977
0.0774854
0.0777017
0.0771714
0.0748109
0.0745353
0.0747556
0.0743278
0.0749618
0.0741153
0.0751512
0.0739047
0.0753169
0.0737205
 0.075452
0.0735865
0.0755639
0.0733964
 0.075661
0.0757415
0.0734154
0.0757455
0.0735522
0.0757109
0.0757431
 0.073752
0.0754942
0.0754709
 0.074117
0.0751883
0.0744988
0.0750138
0.0752695
0.0756713
0.0760174
  0.07631
0.0765664
0.0767358
0.0770313
0.0773224
0.0775423
 0.077736
0.0778973
0.0780265
0.0781238
0.0781895
0.0782239
0.0782272
0.0781996
0.0759037
0.0781414
 0.076246
0.0780529
0.0766215
 0.077934
0.0769106
0.0777853
0.0771569
0.0776058
0.0773901
0.0750738
0.0752626
0.0754575
0.0748952
0.0756498
 0.074694
0.0758102
0.0743982
0.0759306
0.0743854
 0.076028
 0.074267
0.0761148
0.0742039
0.0761728
0.0762744
 0.074249
0.0761234
0.0742323
0.0761923
0.0745979
0.0748806
0.0752954
0.0757267
0.0761904
0.0765226
0.0767956
0.0773961
0.0775691
 0.077722
 0.077834
0.0779143
 0.077963
0.0779807
0.0779674
0.0779165
0.0778439
0.0777444
0.0765233
0.0776116
0.0767504
0.0774398
0.0769844
0.0772581
0.0772053
0.0756036
0.0757382
0.0759038
0.0761057
0.0754133
0.0762896
0.0751292
0.0763871
 0.076482
 0.075056
0.0765413
  0.07484
 0.076582
0.0749552
0.0753028
0.0759429
0.0763429
0.0766984
0.0769872
0.0771697
0.0773371
0.0774705
0.0775781
0.0776411
0.0776726
0.0776733
0.0776303
0.0775577
0.0774846
0.0773708
0.0772306
0.0770006
0.0755088
0.0765731
0.0762428
0.0761066
0.0762457
0.0764981
0.0766851
0.0758985
0.0768817
0.0757325
 0.076824
0.0755628
0.0765032
0.0768796
0.0770358
0.0771586
0.0772303
0.0772785
0.0773255
0.0772885
0.0772069
 0.077088
0.0771173
0.0756669
 0.076022
0.0767522
0.0764859
0.0767497
0.0763827
0.0761602
0.0766629
0.0767793
0.0767701
0.0768871
0.0769545
0.0762315